function f=funmax(x)
f=-179+72.39*x(1)-68.04*x(2)+5.009*x(1)^2-8.885*x(1)*x(2)+20.76*x(2)^2-8.384*x(1)^3+28*x(1)^2*x(2)-17.14*x(1)*x(2)^2-5.346*x(2)^3+2.973*x(1)^4-8.261*x(1)^3*x(2)+3.036*x(1)^2*x(2)^2+10.05*x(1)*x(2)^3+1.994*x(2)^4-1.583*x(1)^5+0.9879*x(1)^4*x(2)+2.128*x(1)^3*x(2)^2-6.106*x(1)^2*x(2)^3-2.583*x(1)*x(2)^4+0.581*x(2)^5;
end

